   0.0115332	0	0
   0.0345996	0	0
   0.0576661	0	0
   0.0807325	0	0
    0.103799	0	0
    0.126865	0	0
    0.149932	0	0
    0.172998	0	0
    0.196065	0	0
    0.219131	0	0
    0.242198	0	0
    0.265264	0	0
     0.28833	0	0
    0.311397	0	0
    0.334463	0	0
     0.35753	0	0
    0.380596	0	0
    0.403663	0	0
    0.426729	0	0
    0.449795	0	0
    0.472862	0	0
    0.495928	0	0
    0.518995	0	0
    0.542061	0	0
    0.565128	0	0
    0.588194	0	0
     0.61126	0	0
    0.634327	0	0
    0.657393	0	0
     0.68046	0	0
    0.703526	0	0
    0.726593	0	0
    0.749659	0	0
    0.772725	0	0
    0.795792	0	0
    0.818858	0	0
    0.841925	0	0
    0.864991	0	0
    0.888058	5.6383e-06	1.51748e-06
    0.911124	0.000203066	1.19939e-05
     0.93419	0.003269	5.30706e-05
    0.957257	0.0221132	0.000117863
    0.980323	0.0813758	0.00025415
     1.00339	0.195024	0.000404164
     1.02646	0.339739	0.000595601
     1.04952	0.468116	0.00071542
     1.07259	0.536835	0.000765133
     1.09566	0.536592	0.000877446
     1.11872	0.473947	0.000883424
     1.14179	0.381877	0.000747584
     1.16485	0.282956	0.000581042
     1.18792	0.192958	0.000575009
     1.21099	0.122572	0.000498763
     1.23405	0.0722632	0.000408974
     1.25712	0.0402482	0.000331788
     1.28019	0.0219568	0.000249247
     1.30325	0.0130843	0.000216035
     1.32632	0.0114941	0.000232248
     1.34939	0.0182554	0.000334522
     1.37245	0.033204	0.00039643
     1.39552	0.0604747	0.000579862
     1.41859	0.105378	0.000753307
     1.44165	0.166891	0.000631819
     1.46472	0.241072	0.000866322
     1.48778	0.32418	0.00109551
     1.51085	0.39859	0.0014972
     1.53392	0.445429	0.00165825
     1.55698	0.45143	0.00151675
     1.58005	0.41947	0.00124452
     1.60312	0.355786	0.000957193
     1.62618	0.27628	0.00101438
     1.64925	0.202452	0.00099449
     1.67232	0.150775	0.00126668
     1.69538	0.141342	0.00134135
     1.71845	0.19865	0.00161006
     1.74152	0.349479	0.00187382
     1.76458	0.627638	0.00236633
     1.78765	1.0438	0.00248403
     1.81071	1.55859	0.00226843
     1.83378	2.10751	0.00366179
     1.85685	2.56211	0.00396875
     1.87991	2.80421	0.00502978
     1.90298	2.77549	0.00575088
     1.92605	2.49687	0.0044518
     1.94911	2.04661	0.00275971
     1.97218	1.5415	0.0026582
     1.99525	1.0946	0.00314531
     2.01831	0.790091	0.00374126
     2.04138	0.665177	0.00386617
     2.06445	0.734719	0.00372604
     2.08751	0.958765	0.00326544
     2.11058	1.26946	0.00263303
     2.13364	1.57724	0.0033134
     2.15671	1.79922	0.00467418
     2.17978	1.87758	0.00493885
     2.20284	1.80564	0.00419563
     2.22591	1.62362	0.00393908
     2.24898	1.42687	0.00385577
     2.27204	1.31505	0.00513166
     2.29511	1.37914	0.00669388
