   0.0115332	0	0
   0.0345996	0	0
   0.0576661	0	0
   0.0807325	0	0
    0.103799	0	0
    0.126865	0	0
    0.149932	0	0
    0.172998	0	0
    0.196065	0	0
    0.219131	0	0
    0.242198	0	0
    0.265264	0	0
     0.28833	0	0
    0.311397	0	0
    0.334463	0	0
     0.35753	0	0
    0.380596	0	0
    0.403663	0	0
    0.426729	0	0
    0.449795	0	0
    0.472862	0	0
    0.495928	0	0
    0.518995	0	0
    0.542061	0	0
    0.565128	0	0
    0.588194	0	0
     0.61126	0	0
    0.634327	0	0
    0.657393	0	0
     0.68046	0	0
    0.703526	0	0
    0.726593	0	0
    0.749659	0	0
    0.772725	0	0
    0.795792	0	0
    0.818858	0	0
    0.841925	0	0
    0.864991	4.65721e-07	2.6482e-07
    0.888058	6.80438e-05	5.10528e-06
    0.911124	0.00330222	3.8965e-05
     0.93419	0.0474879	0.000145468
    0.957257	0.293658	0.000512908
    0.980323	1.00729	0.000990043
     1.00339	2.24268	0.00127462
     1.02646	3.62704	0.00122041
     1.04952	4.61849	0.00138141
     1.07259	4.89465	0.00164605
     1.09566	4.48877	0.00188903
     1.11872	3.65708	0.00136122
     1.14179	2.69349	0.00104061
     1.16485	1.81531	0.000807144
     1.18792	1.1311	0.000574273
     1.21099	0.655012	0.000569256
     1.23405	0.353782	0.000517414
     1.25712	0.180424	0.000420689
     1.28019	0.0893222	0.000255205
     1.30325	0.0495036	0.000204021
     1.32632	0.0424099	0.000169492
     1.34939	0.0608836	0.000185985
     1.37245	0.10636	0.000223121
     1.39552	0.184134	0.000319273
     1.41859	0.300184	0.000326206
     1.44165	0.453508	0.000350939
     1.46472	0.627826	0.000382316
     1.48778	0.7962	0.00046358
     1.51085	0.922142	0.000563111
     1.53392	0.970339	0.000675701
     1.55698	0.928685	0.000531013
     1.58005	0.808195	0.000438205
     1.60312	0.641378	0.000336838
     1.62618	0.46553	0.000298284
     1.64925	0.316963	0.000312504
     1.67232	0.219972	0.0003381
     1.69538	0.192232	0.00035448
     1.71845	0.255407	0.000494148
     1.74152	0.43425	0.000526332
     1.76458	0.750121	0.000620258
     1.78765	1.19793	0.000512175
     1.81071	1.72753	0.000513452
     1.83378	2.23578	0.000659262
     1.85685	2.59654	0.000948189
     1.87991	2.71182	0.00109103
     1.90298	2.55658	0.00103306
     1.92605	2.17978	0.000784122
     1.94911	1.69002	0.000424371
     1.97218	1.20131	0.000443494
     1.99525	0.802499	0.000549606
     2.01831	0.542611	0.000593169
     2.04138	0.434622	0.000554397
     2.06445	0.46163	0.000476545
     2.08751	0.587013	0.000389125
     2.11058	0.758298	0.00026958
     2.13364	0.916868	0.000361169
     2.15671	1.01477	0.000479588
     2.17978	1.02131	0.000480391
     2.20284	0.919505	0.000422525
     2.22591	0.780779	0.000285751
     2.24898	0.654135	0.000311724
     2.27204	0.572237	0.000453068
     2.29511	0.573096	0.000552987
