   0.0128248	0	0
   0.0384745	0	0
   0.0641241	0	0
   0.0897737	0	0
    0.115423	0	0
    0.141073	0	0
    0.166723	0	0
    0.192372	0	0
    0.218022	0	0
    0.243672	0	0
    0.269321	0	0
    0.294971	0	0
     0.32062	0	0
     0.34627	0	0
     0.37192	0	0
    0.397569	0	0
    0.423219	0	0
    0.448869	0	0
    0.474518	0	0
    0.500168	0	0
    0.525818	0	0
    0.551467	0	0
    0.577117	0	0
    0.602767	0	0
    0.628416	0	0
    0.654066	0	0
    0.679715	0	0
    0.705365	0	0
    0.731015	0	0
    0.756664	0	0
    0.782314	0	0
    0.807964	0	0
    0.833613	0	0
    0.859263	2.02304e-05	9.6673e-06
    0.884913	0.00136384	8.32403e-05
    0.910562	0.02585	0.000441537
    0.936212	0.173028	0.00097741
    0.961861	0.586705	0.00190521
    0.987511	1.22858	0.00317508
     1.01316	1.88676	0.00379887
     1.03881	2.35329	0.00434526
     1.06446	2.55329	0.00459963
     1.09011	2.54053	0.00419064
     1.11576	2.39453	0.00419318
     1.14141	2.18525	0.00389004
     1.16706	1.96072	0.00372598
     1.19271	1.74613	0.00396736
     1.21836	1.54441	0.00381829
     1.24401	1.37702	0.00354177
     1.26966	1.23727	0.00348385
     1.29531	1.11399	0.00293397
     1.32096	1.0168	0.00277297
     1.34661	0.936316	0.00258229
     1.37226	0.866879	0.00253862
     1.39791	0.812556	0.00255443
     1.42355	0.768652	0.00232948
      1.4492	0.735987	0.00229766
     1.47485	0.713035	0.00201197
      1.5005	0.69474	0.00233109
     1.52615	0.680932	0.00200068
      1.5518	0.677313	0.00205972
     1.57745	0.674816	0.00178226
      1.6031	0.678355	0.00182865
     1.62875	0.687767	0.00196351
      1.6544	0.704796	0.00172581
     1.68005	0.726478	0.00171141
      1.7057	0.754677	0.00192776
     1.73135	0.788635	0.00199171
       1.757	0.82487	0.00204683
     1.78265	0.859347	0.00179332
      1.8083	0.895537	0.00193452
     1.83395	0.937678	0.00205386
      1.8596	0.981335	0.00193211
     1.88525	1.02412	0.00188386
      1.9109	1.06233	0.001677
     1.93655	1.09737	0.00198379
      1.9622	1.13235	0.0019317
     1.98785	1.16405	0.00187006
      2.0135	1.18738	0.00184828
     2.03915	1.20368	0.00171321
      2.0648	1.21165	0.00159935
     2.09045	1.21345	0.00172244
      2.1161	1.20681	0.00167816
     2.14174	1.19283	0.0016035
     2.16739	1.17069	0.00179314
     2.19304	1.14495	0.00159453
     2.21869	1.11855	0.00159689
     2.24434	1.08864	0.00173602
     2.26999	1.05904	0.00203156
     2.29564	1.03017	0.00175514
     2.32129	1.0045	0.00166269
     2.34694	0.981387	0.00176704
     2.37259	0.958117	0.00156177
     2.39824	0.941345	0.00144391
     2.42389	0.927162	0.00133677
     2.44954	0.912394	0.00146756
     2.47519	0.903383	0.00146063
     2.50084	0.897868	0.00142609
     2.52649	0.893935	0.00144383
     2.55214	0.892502	0.00131536
