   0.0128248	0	0
   0.0384745	0	0
   0.0641241	0	0
   0.0897737	0	0
    0.115423	0	0
    0.141073	0	0
    0.166723	0	0
    0.192372	0	0
    0.218022	0	0
    0.243672	0	0
    0.269321	0	0
    0.294971	0	0
     0.32062	0	0
     0.34627	0	0
     0.37192	0	0
    0.397569	0	0
    0.423219	0	0
    0.448869	0	0
    0.474518	0	0
    0.500168	0	0
    0.525818	0	0
    0.551467	0	0
    0.577117	0	0
    0.602767	0	0
    0.628416	0	0
    0.654066	0	0
    0.679715	0	0
    0.705365	0	0
    0.731015	0	0
    0.756664	0	0
    0.782314	0	0
    0.807964	0	0
    0.833613	0	0
    0.859263	2.2037e-07	2.19265e-07
    0.884913	9.57673e-05	8.94219e-06
    0.910562	0.00180378	4.71072e-05
    0.936212	0.0135643	0.000139935
    0.961861	0.0521034	0.000281213
    0.987511	0.122328	0.000449128
     1.01316	0.208118	0.000663565
     1.03881	0.284521	0.000905266
     1.06446	0.341002	0.000851753
     1.09011	0.373059	0.00101332
     1.11576	0.386086	0.00102143
     1.14141	0.384691	0.00109616
     1.16706	0.376725	0.00119586
     1.19271	0.364202	0.00126287
     1.21836	0.352621	0.00126324
     1.24401	0.343434	0.00129153
     1.26966	0.331854	0.00124091
     1.29531	0.326392	0.00132893
     1.32096	0.321675	0.00130843
     1.34661	0.318363	0.00120654
     1.37226	0.319644	0.00123367
     1.39791	0.323353	0.00120365
     1.42355	0.326471	0.00142375
      1.4492	0.338394	0.00163985
     1.47485	0.350197	0.00150903
      1.5005	0.366953	0.00178305
     1.52615	0.386079	0.00190584
      1.5518	0.405776	0.0020847
     1.57745	0.433456	0.00184777
      1.6031	0.468887	0.0022218
     1.62875	0.509121	0.00202236
      1.6544	0.552904	0.00225239
     1.68005	0.604143	0.00238683
      1.7057	0.662634	0.00252341
     1.73135	0.733925	0.00256744
       1.757	0.81284	0.00281146
     1.78265	0.898011	0.00275945
      1.8083	0.99319	0.00331379
     1.83395	1.10533	0.00386876
      1.8596	1.2188	0.00380256
     1.88525	1.33729	0.00392139
      1.9109	1.46513	0.00432641
     1.93655	1.61332	0.00410374
      1.9622	1.7524	0.0044161
     1.98785	1.88625	0.00447865
      2.0135	2.02333	0.0046292
     2.03915	2.15859	0.00499142
      2.0648	2.29356	0.00566314
     2.09045	2.40801	0.00544077
      2.1161	2.50681	0.00512618
     2.14174	2.58779	0.00612179
     2.16739	2.68489	0.00544756
     2.19304	2.75503	0.00586509
     2.21869	2.81669	0.00655653
     2.24434	2.87989	0.00615003
     2.26999	2.92097	0.00688251
     2.29564	2.97865	0.00787916
     2.32129	3.04063	0.00768006
     2.34694	3.08978	0.00746431
     2.37259	3.14771	0.00723324
     2.39824	3.23448	0.00740933
     2.42389	3.30504	0.00766703
     2.44954	3.40991	0.00733562
     2.47519	3.53158	0.00779687
     2.50084	3.65696	0.00822524
     2.52649	3.80248	0.00873061
     2.55214	3.95018	0.00953989
