   0.0323165	0	0
   0.0969496	0	0
    0.161583	0	0
    0.226216	0	0
    0.290849	0	0
    0.355482	0	0
    0.420115	0	0
    0.484748	0	0
    0.549381	0	0
    0.614014	0	0
    0.678647	0	0
     0.74328	0	0
    0.807913	0	0
    0.872546	0.000192467	9.48995e-05
    0.937179	0.0783885	0.00277307
     1.00181	0.709388	0.0129563
     1.06645	1.68856	0.0259171
     1.13108	2.3631	0.0424972
     1.19571	2.6887	0.0467086
     1.26034	2.96859	0.0459604
     1.32498	3.216	0.0483253
     1.38961	3.51554	0.0543835
     1.45424	3.93816	0.0671483
     1.51888	4.2961	0.0609556
     1.58351	4.8801	0.072784
     1.64814	5.49514	0.0724883
     1.71278	6.23712	0.0850032
     1.77741	7.10933	0.0864144
     1.84204	8.15615	0.0956847
     1.90667	9.28353	0.108911
     1.97131	10.474	0.118797
     2.03594	11.9863	0.131498
     2.10057	13.3288	0.144593
     2.16521	14.9343	0.166792
     2.22984	16.7957	0.168838
     2.29447	18.6268	0.203971
     2.35911	20.7727	0.225991
     2.42374	23.2232	0.251458
     2.48837	25.4928	0.262411
     2.55301	28.538	0.283038
     2.61764	31.108	0.314548
     2.68227	34.2023	0.349598
      2.7469	37.4409	0.355138
     2.81154	40.8441	0.375814
     2.87617	45.1673	0.352401
      2.9408	49.2904	0.370255
     3.00544	53.7269	0.397911
     3.07007	58.4321	0.388048
      3.1347	63.5048	0.433715
     3.19934	68.6489	0.473122
     3.26397	74.2339	0.588683
      3.3286	80.4134	0.625886
     3.39323	87.0183	0.56741
     3.45787	93.8033	0.66718
      3.5225	101.196	0.711349
     3.58713	108.794	0.753299
     3.65177	117.041	0.595843
      3.7164	125.372	0.690203
     3.78103	133.415	0.822243
     3.84567	142.666	0.804352
      3.9103	151.921	0.859113
     3.97493	160.971	0.86585
     4.03957	172.102	0.961572
      4.1042	185.488	1.07711
     4.16883	197.035	1.05813
     4.23346	209.028	1.12895
      4.2981	220.296	1.2219
     4.36273	235.091	1.2974
     4.42736	251.786	1.43789
       4.492	266.476	1.6044
     4.55663	280.641	1.62876
     4.62126	298.301	1.7021
      4.6859	314.227	1.55944
     4.75053	331.244	1.637
     4.81516	348.554	1.90377
     4.87979	365.928	1.73344
     4.94443	384.89	1.70372
     5.00906	407.35	1.9124
     5.07369	427.514	1.96293
     5.13833	449.194	2.07231
     5.20296	474.555	2.15657
     5.26759	498.2	2.28725
     5.33223	524.16	2.27745
     5.39686	552.261	2.11885
     5.46149	578.491	2.02895
     5.52612	603.758	2.31926
     5.59076	637.184	2.36277
     5.65539	663.32	2.65042
     5.72002	694.745	2.76479
     5.78466	725.204	2.91218
     5.84929	758.351	2.70453
     5.91392	790.097	3.15609
     5.97856	827.17	3.61553
     6.04319	868.485	3.41377
     6.10782	903.876	3.218
     6.17246	941.643	3.76046
     6.23709	980.512	3.51597
     6.30172	1026.11	3.80118
     6.36635	1070.18	4.00797
     6.43099	1112.62	4.4169
